0 1 43
0 17 86
0 41 17
0 47 72
1 33 77
1 35 75
1 49 49
2 3 18
2 16 84
2 19 62
2 28 76
2 32 9
2 37 30
3 36 67
3 44 29
4 5 96
4 9 47
4 10 35
4 11 42
4 26 38
4 36 44
4 41 55
4 43 66
4 45 63
5 28 31
6 19 30
6 21 98
6 30 76
6 44 84
7 12 11
7 33 80
7 40 19
7 46 32
7 47 97
8 21 97
8 28 74
8 34 92
8 37 69
8 42 8
8 46 46
9 37 47
9 39 15
10 41 48
10 43 76
10 46 23
11 30 93
11 45 26
12 13 79
12 22 33
12 34 29
12 37 35
12 42 18
13 21 25
13 22 65
13 33 94
13 37 21
13 38 45
13 45 81
13 48 37
14 44 21
14 48 69
15 18 4
15 27 85
15 28 46
16 35 48
16 38 7
16 40 12
16 46 24
16 49 45
17 18 35
17 22 11
17 26 51
17 32 9
17 46 72
17 49 79
18 19 35
18 25 10
18 30 82
19 24 7
19 33 61
19 34 25
19 42 64
20 24 22
20 25 2
20 29 38
20 38 57
20 48 26
21 24 8
21 25 59
21 30 92
21 36 57
21 38 82
21 40 38
21 43 63
22 27 20
22 40 60
22 44 75
23 26 82
23 36 55
24 39 36
24 41 79
24 44 92
24 49 28
25 28 78
25 38 92
25 48 31
25 49 32
26 30 83
26 46 60
27 32 55
27 33 60
27 35 49
27 40 60
27 41 31
28 36 57
29 30 37
30 39 69
30 44 21
32 37 84
33 40 61
33 43 82
33 46 34
34 37 2
35 46 68
38 42 33
38 44 53
38 47 88
39 43 46
40 41 51
41 44 84
42 43 81
42 46 98
43 46 94
43 49 14
