00000000000000000000000000000000000000000000000000
00010000000000000000000000000000000000000000000010
00000011100000001000000000000000000000001110000000
00000011100000000001000000000000000000001110000000
00000011100000000000000000000000000000001110000000
00001000000000011110000000000000100000001110000000
00000000000000011110000000000000000000001110000000
00000000000000011110000000000000000000000000000001
00000000000000000000000000000000000000000000100000
00000001000000000000000000000000000000000000000000
00000000001110000000000000000000010000000000000000
00000000001110000000000000000000000000000000000000
00000000001110000100000000000000000111111100000000
00000000000000000000000000000000000111111100000000
00000000000000000000000000000000000111111100000000
00000000000000111110000000000000000111111100100000
00000000000000011110000000000000000101000000000000
00000000000000011110001000000000000000000000010000
00000000000000011110000000000000000000001000000000
00000000000000000000000000000000000000000000000000
00000111110000000000000000000000000000001111111000
00000111110000000000000000000000000000001111111000
00000111110000001000000000111000000000001111111000
00000111110000000000000000111000000000001111111000
00000111110000000000000000111000000000000000001000
00000000000000000001000000000000000000000000000000
00000000000000000000000000000000000000000000000000
00000000100000000000000000000100000000000000000000
00000000000000000000111000000000010000000100000000
01000000000000000000111000000000000000000000000001
00010000000000000000111000000000000000000000000000
00000000000000000000000000000000000000000000000000
00000000000000000000000000000000000000000000000000
00000000000000000000000000000000000000000000000000
00000000000000000000000000000000000000000000000000
00000000000001000000000000111111110000001111110000
00000000000000000000000000111111110000001111100000
00010000000000000000000000111111110000001111100000
00000000000000000000000100111111110000001111100000
00000000000000000000000000111111110000001111100000
00111111100010010000000000000000000000000000000000
00111111100000000000000000000000000000000000000000
00111111100000000000000000000000000000000010000000
00111111100000000000000000000000000010000000000000
00111111100000000000000000001000000000000000000000
00111111100000000000000000000000000000000000000000
00000000000000000000000000000000000000000000000000
00000000000000000000000000100000000000000000000000
00000000000000000000000000000001000000000000000000
00000000000000000000000010001000000000000000000000
